18 882814796 2051252420 1 7 32 3
18 882814796 406490818 2 7 45 40
18 882814796 1074924189 3 9 13 34
18 882814796 1403145440 4 10 5 21
18 882814796 645746513 5 10 8 34
18 882814796 2426983797 6 10 39 24
19 367479904 2051252420 1 7 35 56
19 882814796 2051252420 1 7 36 56
19 882814796 406490818 2 7 40 14
19 816950992 1099332511 1 11 19 21
19 816950992 1297531313 2 11 20 32
21 882814796 2051252420 1 7 24 49
21 882814796 406490818 2 7 27 8
21 882814796 1694819919 3 7 55 33
21 882814796 1403145440 4 9 15 19
